4.35
3.65
3.08
3.08
4.30
3.73
4.97
4.86
4.86
4.97
3.69
3.08
3.73
4.92
5.59
6.34
5.59
4.40
4.35
3.69
3.04
3.08
1.81
2.46
1.85
2.46
4.30
6.20
7.51
7.43
6.75
5.36
2.98
0.00
-1.77
-2.36
-2.36
-2.89
-2.34
-1.19
-0.60
-2.95
-5.19
-7.89
-9.00
-9.46
-9.46
-8.91
-5.25
-4.09
-8.20
-8.74
-12.99
-14.53
-15.71
-17.59
-14.43
-12.21
-11.34
-7.62
-8.70
-11.48
-14.18
-16.67
-19.01
-18.24
-16.21
-12.82
-9.22
-4.08
-6.46
-8.84
-12.61
-17.07
-18.50
-18.61
-16.10
-10.23
-5.87
-8.74
-12.61
-14.73
-18.38
-20.17
-20.23
-20.30
-16.72
-7.48
-5.83
-8.12
-10.85
-13.63
-20.17
-23.00
-21.71
-16.02
-10.92
-8.84
-10.61
-9.32
-12.87
-15.50
-19.66
-21.22
-16.95
-12.44
-9.90
-9.43
-11.71
-14.38
-15.94
-16.78
-20.38
-19.47
-15.49
-12.05
-10.48
-12.87
-14.59
-14.94
-16.25
-19.38
-19.74
-13.99
-10.92
-7.69
-10.68
-13.74
-14.94
-16.78
-19.38
-17.73
-14.09
-11.06
-12.21
-12.87
-15.16
-17.29
-19.52
-20.09
-19.60
-14.96
-8.65
-13.17
-14.49
-16.73
-18.39
-23.66
-23.15
-22.19
-18.63
-11.56
-12.13
-11.56
-12.37
-13.82
-17.32
-21.86
-22.03
-20.53
-14.09
-8.20
-9.43
-11.79
-15.05
-17.57
-22.01
-23.66
-23.97
-21.86
-11.56
-5.31
-4.71
-10.55
-14.12
-18.25
-24.15
-25.69
-24.57
-22.51
-16.78
-11.79
-12.37
-13.05
-15.50
-19.33
-22.17
-23.02
-21.84
-14.94
-12.37
-13.44
-15.50
-14.70
-17.29
-22.01
-24.63
-25.41
-22.84
-22.18
-21.34
-23.49
-26.07
-27.68
-28.09
-26.74
-26.54
-25.11
-22.84
-19.52
-17.59
-17.72
-18.63
-17.03
-17.57
-23.88
-27.35
-29.28
-28.14
-26.94
-23.52
-19.66
-17.19
-17.99
-16.13
-14.49
-17.29
-21.46
-24.06
-24.76
-21.10
-16.17
-12.69
-12.29
-12.78
-15.05
-18.94
-21.82
-26.66
-27.88
-25.30
-22.67
-20.68
-19.95
-20.68
-22.01
-23.70
-24.57
-26.86
-26.86
-24.51
-22.35
-19.43
-18.51
-15.50
-14.02
-16.86
-20.94
-24.51
-24.51
-23.02
-20.78
-15.85
-12.96
-13.64
-15.73
-17.57
-18.11
-16.05
-15.50
-14.12
-13.64
-14.70
-14.81
-16.67
-19.79
-19.23
-17.42
-16.48
-9.38
-5.91
-4.69
-5.32
-8.94
-13.35
-17.42
-21.10
-21.46
-15.94
-10.68
-10.21
-11.35
-12.96
-15.73
-18.94
-20.56
-21.63
-19.19
-14.94
-11.20
-9.49
-9.49
-11.87
-15.27
-20.02
-23.52
-23.03
-17.57
-12.05
-8.84
-7.73
-10.02
-12.37
-17.16
-23.37
-23.88
-21.46
-18.65
-14.22
-10.75
-11.43
-10.15
-12.96
-18.25
-17.16
-15.94
-16.61
-14.59
-12.37
-12.37
-12.96
-12.29
-16.48
-16.48
-15.05
-15.16
-14.59
-14.02
-13.92
-13.92
-13.17
-13.73
-12.61
-12.61
-14.28
-14.63
-14.96
-14.76
-14.15
-12.50
-12.58
-11.46
-10.82
-9.84
-10.25
-9.13
-6.70
-8.20
-9.74
