16.94
13.21
9.36
9.37
8.72
8.59
10.83
9.72
7.59
7.95
8.29
10.19
9.72
8.71
9.12
8.76
9.20
9.23
7.78
9.21
10.67
10.84
9.29
9.61
9.67
8.74
8.27
8.21
8.36
6.52
6.21
7.26
8.06
9.19
9.13
8.68
7.08
8.53
8.20
8.01
7.07
7.93
8.61
9.85
8.22
7.20
6.73
9.53
9.70
8.18
-2.18
-2.02
-1.55
-0.32
-2.39
-1.44
-1.08
-0.30
-2.16
-3.29
-0.91
-0.30
-0.55
-1.52
-0.26
0.24
0.42
0.40
0.90
-0.72
0.25
-0.71
0.34
-0.75
-1.42
-0.91
0.22
-2.85
-0.43
-1.84
-0.80
0.05
-1.33
-1.29
-1.25
-1.19
-0.57
-1.97
-1.90
-0.88
-0.91
-1.13
0.52
0.71
0.24
0.05
-3.32
-1.13
-0.56
-0.08
0.79
0.48
-0.18
-1.46
-1.14
-2.38
-3.16
-1.08
0.04
-1.81
-0.84
-0.06
0.36
-0.60
-0.66
-1.62
-0.11
-1.03
0.52
0.32
0.37
-1.08
-0.40
-0.42
-1.37
-1.77
-1.27
-0.55
-0.87
0.69
-1.54
-2.09
-2.20
0.42
0.88
0.15
0.80
1.72
0.05
-0.26
1.70
1.34
0.73
2.14
1.72
0.58
0.80
1.33
1.02
1.51
0.38
0.49
-0.60
-1.26
0.70
-0.48
-0.01
-0.44
-1.76
-1.00
-1.15
-3.18
-1.85
-0.60
-0.07
1.42
0.72
-0.07
-1.13
-1.94
-1.14
-1.14
-0.57
0.88
0.54
0.39
-1.11
-0.55
0.04
-1.75
-1.11
-1.59
-0.31
0.94
-1.11
-0.33
0.49
-0.90
0.02
-0.46
-2.29
-0.93
0.19
0.31
0.58
0.98
0.10
-1.03
0.22
-0.26
-0.80
0.52
1.36
0.30
2.70
1.48
-0.39
-0.32
1.11
-1.76
-0.73
-0.34
1.79
1.01
0.70
0.05
-0.05
-0.57
0.57
0.32
0.05
0.13
0.00
-0.90
-1.16
1.43
1.15
1.08
1.86
-0.44
2.06
1.04
0.28
0.49
0.35
0.16
0.41
0.68
-1.24
0.10
-0.84
-0.48
-0.14
-0.83
-1.90
1.45
2.60
1.54
-0.62
2.10
1.18
0.19
1.68
0.50
-1.28
0.22
0.49
-0.84
-0.15
-1.67
-0.31
0.18
1.01
1.01
-1.33
-0.49
0.19
1.18
2.18
-0.30
0.36
-0.65
1.01
3.60
2.31
1.42
3.37
0.06
1.14
0.74
0.03
1.01
2.96
2.75
1.87
0.83
1.23
1.91
0.57
-0.10
-0.29
1.58
1.35
1.63
1.78
3.07
1.85
0.96
0.09
1.06
0.37
1.23
1.82
1.02
1.66
2.34
1.27
0.85
2.53
0.70
1.06
0.63
0.82
2.27
2.78
0.70
1.77
1.45
1.34
0.52
0.19
0.52
-1.19
0.85
1.70
0.04
0.04
0.56
0.40
-0.79
-0.80
-0.44
-0.10
0.22
-0.65
0.86
0.38
0.89
-0.57
-0.08
-1.54
-2.57
-1.13
0.92
-0.80
-0.15
-0.46
-1.79
-0.89
-0.23
-0.03
-0.65
0.80
1.06
0.45
1.32
0.67
0.99
1.55
