40.31
44.16
47.43
47.42
49.98
48.73
48.67
49.21
50.52
50.61
49.34
47.42
48.07
49.92
49.26
50.01
49.29
48.07
49.35
49.35
48.04
48.08
48.83
49.48
47.52
48.12
49.96
50.53
50.49
53.09
53.08
51.69
49.31
45.67
45.25
43.97
44.61
42.77
42.00
42.50
44.40
42.71
40.46
37.78
37.97
38.20
38.20
36.09
38.42
40.27
-7.56
-6.76
-11.01
-12.50
-12.42
-14.92
-13.12
-12.86
-11.33
-6.95
-8.03
-10.15
-12.87
-13.44
-16.40
-17.58
-16.20
-13.48
-11.19
-4.07
-5.81
-6.90
-11.24
-15.09
-16.52
-17.95
-16.09
-8.34
-6.51
-6.81
-10.58
-12.75
-14.38
-17.50
-18.90
-20.29
-18.05
-8.13
-5.82
-6.81
-9.51
-11.60
-18.83
-22.34
-21.04
-16.67
-9.03
-8.19
-9.96
-8.02
-10.84
-13.47
-18.29
-19.19
-16.29
-11.14
-7.92
-8.13
-10.37
-10.39
-11.94
-14.05
-19.70
-19.46
-16.15
-11.38
-9.80
-10.79
-12.61
-12.27
-14.91
-18.07
-20.41
-14.64
-10.27
-5.02
-7.23
-10.36
-11.57
-15.45
-19.37
-17.07
-13.42
-11.73
-11.53
-10.20
-11.86
-14.62
-17.54
-20.09
-22.26
-17.62
-9.98
-12.49
-11.82
-12.73
-15.09
-22.32
-22.47
-22.86
-20.69
-12.88
-12.12
-10.89
-11.69
-11.15
-15.29
-20.52
-20.05
-19.88
-14.72
-7.56
-8.77
-9.81
-11.68
-14.90
-18.63
-20.29
-21.95
-20.52
-12.21
-5.96
-4.04
-9.87
-10.75
-14.25
-19.44
-22.96
-23.24
-21.83
-15.45
-10.45
-10.97
-11.02
-10.78
-14.73
-18.88
-20.41
-21.16
-14.26
-11.04
-12.76
-14.13
-11.40
-13.29
-18.71
-21.26
-23.33
-22.83
-22.18
-20.66
-22.15
-23.34
-23.59
-25.42
-23.44
-23.17
-23.09
-24.19
-20.84
-20.25
-20.38
-19.99
-15.69
-14.84
-19.05
-21.15
-23.83
-25.41
-24.27
-24.17
-22.32
-21.90
-22.69
-18.15
-15.15
-15.30
-17.37
-20.06
-19.44
-19.07
-16.17
-14.76
-13.62
-12.77
-13.02
-15.56
-17.73
-21.94
-24.51
-23.27
-22.67
-22.69
-21.27
-20.67
-22.69
-23.00
-21.84
-22.77
-25.49
-23.83
-23.01
-22.79
-21.17
-14.82
-14.01
-15.49
-18.91
-23.17
-22.48
-22.35
-20.11
-16.50
-13.61
-12.30
-14.39
-16.23
-18.11
-16.71
-14.16
-13.44
-11.61
-14.00
-14.80
-14.59
-16.33
-17.83
-15.29
-17.88
-12.74
-8.56
-8.05
-7.39
-8.26
-10.05
-12.10
-16.38
-18.80
-15.27
-12.01
-10.88
-12.71
-12.28
-13.75
-16.33
-17.27
-18.90
-17.16
-14.94
-13.22
-10.82
-10.16
-11.19
-11.90
-16.03
-20.79
-21.00
-16.89
-14.70
-10.86
-9.74
-10.69
-11.00
-14.55
-19.99
-18.43
-17.37
-16.62
-13.54
-9.41
-10.09
-8.81
-9.59
-16.91
-17.15
-14.60
-15.27
-14.58
-13.03
-11.71
-12.28
-11.63
-15.82
-15.80
-13.02
-14.50
-13.93
-14.01
-13.25
-14.56
-13.16
-12.45
-11.97
-13.23
-12.39
-13.98
-14.33
-14.14
-14.76
-14.31
-15.01
-13.27
-13.82
-12.78
-12.58
-12.02
-9.04
-10.53
-12.02
