25.03
23.61
23.41
23.20
22.11
22.89
23.10
22.68
22.48
22.08
23.38
22.90
22.32
22.11
22.74
23.13
22.96
22.71
22.12
23.07
22.72
22.72
23.52
22.68
23.13
23.16
23.19
23.41
22.57
22.96
24.21
23.58
22.75
22.52
21.65
21.79
21.14
20.31
19.70
19.89
19.73
20.66
17.78
17.79
18.33
18.91
19.42
19.59
18.95
18.56
-4.00
-4.81
-4.11
-4.46
-3.90
-4.07
-3.52
-4.51
-5.18
-4.40
-5.15
-6.48
-5.78
-4.38
-3.37
-4.10
-5.36
-5.66
-4.55
-4.56
-4.04
-4.09
-4.29
-4.50
-5.10
-5.48
-5.31
-3.37
-4.26
-1.43
-1.33
-1.09
-1.68
-1.62
